Time taken in arranging image tiles = 2.0693186

Puzzle 1 solution: 140656720229539
Time taken by puzzle1 = 8.669999999977307e-05

[[3931 1913 1009 1823 2927 2837 2081 2617 2153 1223 2719 3343]
 [2251 2687 2239 2347 2657 2693 3301 2953 1091 1511 3529 2609]
 [2833 3701 3469 1621 3257 3467 2549 1367 3391 1097 1031 3413]
 [1321 1201 1997 1429 2137 2129 2957 2843 2551 1483 2437 1453]
 [1123 3617 2179 3919 2749 2851 2309 1297 2711 2521 1229 2267]
 [3881 2039 3739 1847 1093 2293 1801 1459 3329 2017 1447 3989]
 [2539 3299 3217 2621 1493 1109 2371 2383 2729 3527 3373 3803]
 [2999 3511 3559 3557 3457 2803 2029 3613 2647 3677 1579 1283]
 [1931 2819 3943 1277 2879 2339 1867 3019 1303 3581 2887 2143]
 [3709 2897 1669 2131 3719 1213 1697 1051 2557 1907 1777 1451]
 [3499 3727 2423 1019 1471 2593 2477 3923 1753 2381 1999 3313]
 [3323 2203 2243 1663 1733 3779 1789 1129 3517 3659 3169 3221]]
Puzzle 2 solution: 1885
Time taken by puzzle2 = 2.2810857999999996
